File: ../test/100_Independent0291
N: 100
Sort rj: [76, 51, 65, 25, 48, 15, 70, 18, 3, 52, 84, 72, 6, 54, 79, 73, 30, 56, 10, 78, 97, 95, 5, 45, 98, 0, 67, 68, 22, 77, 29, 88, 66, 21, 49, 50, 86, 40, 42, 32, 92, 35, 81, 82, 46, 64, 34, 8, 13, 26, 63, 17, 75, 93, 14, 47, 83, 2, 74, 94, 39, 99, 11, 80, 31, 9, 12, 23, 16, 7, 61, 58, 24, 36, 91, 55, 60, 69, 62, 53, 71, 44, 90, 85, 1, 19, 96, 43, 87, 37, 27, 4, 59, 28, 20, 41, 89, 57, 33, 38, ]

t(by_rj): 802 [us]
4389
File: ../test/100_Independent0333
N: 100
Sort rj: [24, 84, 37, 5, 71, 83, 97, 64, 29, 48, 61, 8, 95, 21, 75, 86, 38, 0, 77, 23, 44, 14, 43, 31, 68, 94, 78, 20, 56, 49, 85, 52, 58, 33, 69, 87, 36, 39, 46, 34, 15, 47, 11, 53, 51, 17, 2, 1, 3, 67, 93, 57, 89, 25, 88, 66, 80, 73, 98, 18, 27, 12, 4, 99, 59, 54, 60, 45, 42, 76, 19, 32, 55, 41, 9, 10, 16, 26, 28, 90, 13, 79, 22, 81, 7, 62, 65, 30, 74, 96, 70, 50, 35, 72, 92, 82, 91, 63, 6, 40, ]

t(by_rj): 852 [us]
3828
File: ../test/100_Independent0420
N: 100
Sort rj: [38, 74, 90, 16, 76, 92, 52, 77, 12, 69, 3, 55, 60, 57, 34, 39, 82, 20, 45, 59, 18, 79, 0, 15, 73, 70, 28, 30, 22, 29, 98, 66, 17, 1, 47, 96, 49, 5, 42, 95, 63, 51, 40, 84, 9, 7, 53, 64, 21, 80, 65, 2, 24, 13, 35, 72, 4, 71, 97, 91, 50, 83, 54, 87, 37, 62, 85, 10, 81, 78, 93, 88, 36, 61, 44, 33, 75, 94, 46, 8, 23, 56, 6, 11, 26, 25, 68, 67, 58, 86, 19, 14, 31, 48, 27, 89, 41, 32, 99, 43, ]

t(by_rj): 150 [us]
2103
File: ../test/100_Independent0600
N: 100
Sort rj: [5, 34, 19, 78, 54, 82, 55, 24, 18, 0, 46, 81, 85, 94, 14, 89, 4, 60, 73, 88, 53, 90, 65, 13, 30, 9, 75, 35, 1, 79, 59, 71, 93, 3, 97, 74, 12, 33, 48, 80, 42, 47, 43, 2, 95, 72, 8, 7, 15, 83, 26, 69, 76, 32, 28, 20, 68, 77, 51, 31, 66, 44, 84, 64, 86, 70, 57, 62, 61, 99, 92, 52, 27, 22, 6, 67, 29, 21, 96, 91, 58, 45, 87, 36, 11, 38, 56, 37, 25, 49, 10, 23, 39, 17, 16, 41, 98, 40, 63, 50, ]

t(by_rj): 121 [us]
3632
File: ../test/100_Independent0601
N: 100
Sort rj: [84, 77, 17, 53, 46, 26, 11, 36, 15, 99, 49, 59, 44, 85, 4, 64, 27, 2, 52, 57, 28, 1, 63, 51, 98, 30, 75, 73, 38, 40, 20, 7, 88, 9, 24, 80, 97, 82, 90, 6, 0, 91, 54, 55, 29, 42, 32, 39, 62, 22, 76, 72, 23, 95, 96, 70, 5, 61, 14, 18, 71, 37, 12, 47, 31, 34, 92, 58, 16, 89, 65, 48, 87, 56, 43, 81, 41, 67, 74, 19, 35, 94, 21, 83, 8, 33, 45, 50, 69, 60, 93, 13, 68, 79, 10, 3, 78, 25, 66, 86, ]

t(by_rj): 77 [us]
2875
File: ../test/100_Independent0602
N: 100
Sort rj: [41, 50, 97, 45, 85, 78, 84, 23, 91, 51, 80, 92, 28, 66, 44, 53, 42, 37, 17, 96, 72, 22, 38, 98, 58, 9, 48, 70, 40, 65, 18, 24, 1, 55, 15, 61, 63, 16, 33, 43, 57, 76, 13, 47, 7, 25, 88, 27, 82, 73, 56, 60, 95, 67, 81, 10, 14, 0, 64, 12, 62, 74, 35, 19, 39, 2, 86, 94, 8, 4, 59, 34, 54, 68, 3, 87, 71, 69, 6, 90, 93, 20, 21, 52, 79, 75, 5, 46, 11, 36, 89, 32, 30, 77, 26, 29, 83, 31, 49, 99, ]

t(by_rj): 71 [us]
3421
File: ../test/100_Independent0603
N: 100
Sort rj: [54, 77, 6, 39, 19, 27, 67, 99, 97, 5, 25, 7, 42, 3, 14, 61, 79, 53, 87, 9, 30, 58, 20, 74, 2, 33, 57, 84, 28, 89, 40, 18, 94, 60, 70, 10, 75, 17, 86, 32, 51, 29, 47, 83, 80, 91, 12, 69, 44, 93, 21, 76, 46, 43, 72, 26, 66, 92, 52, 34, 31, 68, 59, 4, 96, 63, 41, 35, 22, 90, 49, 0, 85, 71, 11, 45, 13, 50, 56, 37, 65, 98, 8, 82, 36, 64, 15, 62, 23, 73, 78, 48, 95, 81, 55, 16, 38, 1, 24, 88, ]

t(by_rj): 62 [us]
3502
File: ../test/100_Independent0604
N: 100
Sort rj: [0, 95, 17, 63, 71, 64, 57, 18, 53, 10, 39, 34, 2, 79, 42, 38, 24, 48, 25, 19, 82, 84, 86, 94, 51, 62, 59, 66, 75, 90, 96, 21, 52, 92, 29, 9, 43, 98, 5, 85, 78, 67, 56, 74, 16, 27, 26, 45, 14, 72, 4, 40, 89, 97, 68, 3, 41, 55, 54, 30, 61, 91, 20, 37, 76, 6, 49, 58, 28, 7, 69, 31, 87, 88, 33, 50, 8, 83, 60, 73, 65, 13, 11, 12, 36, 70, 46, 32, 22, 47, 81, 1, 77, 23, 15, 44, 80, 93, 35, 99, ]

t(by_rj): 59 [us]
3179
File: ../test/100_Independent0605
N: 100
Sort rj: [13, 58, 25, 38, 85, 11, 72, 34, 82, 8, 46, 54, 1, 65, 45, 17, 10, 30, 0, 76, 19, 23, 31, 57, 53, 84, 21, 66, 91, 41, 42, 3, 7, 6, 79, 18, 70, 44, 80, 40, 99, 95, 5, 93, 55, 4, 87, 64, 86, 83, 88, 51, 32, 24, 77, 56, 20, 33, 43, 26, 78, 47, 75, 2, 48, 73, 81, 15, 69, 52, 61, 97, 14, 63, 28, 62, 16, 36, 29, 50, 39, 22, 98, 89, 90, 37, 71, 59, 60, 68, 96, 74, 27, 92, 35, 49, 67, 12, 94, 9, ]

t(by_rj): 99 [us]
3226
File: ../test/100_Independent0606
N: 100
Sort rj: [61, 18, 34, 14, 46, 2, 70, 22, 45, 50, 41, 60, 6, 64, 86, 67, 54, 37, 73, 44, 7, 76, 5, 4, 89, 26, 20, 25, 40, 3, 77, 47, 49, 0, 43, 31, 71, 74, 59, 57, 19, 38, 9, 92, 35, 85, 81, 24, 11, 62, 65, 29, 16, 99, 27, 33, 66, 79, 58, 15, 83, 12, 87, 72, 84, 75, 51, 53, 63, 48, 39, 13, 88, 96, 56, 68, 98, 36, 52, 55, 97, 95, 91, 17, 1, 94, 8, 32, 23, 93, 30, 21, 28, 80, 90, 78, 42, 82, 10, 69, ]

t(by_rj): 51 [us]
3422
File: ../test/100_Independent0607
N: 100
Sort rj: [57, 65, 74, 88, 26, 67, 59, 55, 2, 60, 16, 1, 96, 75, 94, 99, 90, 25, 81, 21, 22, 10, 64, 76, 28, 82, 58, 17, 49, 18, 40, 98, 37, 56, 87, 35, 31, 9, 53, 39, 42, 97, 86, 4, 7, 83, 5, 54, 70, 84, 77, 3, 95, 69, 48, 89, 45, 20, 47, 34, 71, 85, 12, 78, 23, 79, 50, 66, 27, 43, 61, 6, 24, 14, 72, 73, 91, 13, 30, 80, 51, 46, 29, 41, 11, 52, 8, 32, 0, 63, 19, 44, 38, 62, 33, 93, 92, 36, 15, 68, ]

t(by_rj): 100 [us]
3680
File: ../test/100_Independent0608
N: 100
Sort rj: [19, 73, 82, 24, 2, 74, 50, 77, 87, 52, 91, 94, 99, 79, 64, 78, 46, 45, 75, 22, 47, 14, 88, 71, 66, 17, 70, 83, 25, 10, 28, 36, 4, 27, 6, 49, 54, 5, 60, 55, 29, 30, 53, 93, 80, 58, 43, 18, 32, 1, 98, 72, 76, 16, 39, 9, 44, 68, 3, 38, 90, 57, 62, 26, 84, 61, 13, 96, 86, 7, 97, 37, 69, 65, 40, 12, 67, 33, 85, 59, 31, 35, 8, 11, 56, 95, 41, 15, 92, 89, 20, 0, 81, 42, 23, 48, 21, 63, 51, 34, ]

t(by_rj): 78 [us]
3443
File: ../test/100_Independent0609
N: 100
Sort rj: [54, 5, 1, 67, 4, 64, 11, 74, 93, 10, 79, 41, 71, 68, 14, 23, 76, 70, 56, 52, 16, 31, 40, 20, 25, 7, 75, 58, 32, 84, 29, 86, 26, 6, 98, 59, 30, 49, 17, 48, 78, 15, 65, 12, 9, 73, 42, 89, 28, 60, 35, 91, 46, 50, 27, 44, 45, 55, 47, 88, 53, 39, 22, 57, 19, 66, 85, 69, 51, 83, 43, 63, 80, 94, 0, 62, 18, 92, 99, 96, 21, 87, 61, 97, 37, 34, 95, 36, 3, 90, 13, 38, 77, 2, 81, 82, 33, 24, 8, 72, ]

t(by_rj): 45 [us]
2977
File: ../test/100_Independent0610
N: 100
Sort rj: [84, 13, 9, 63, 91, 14, 12, 3, 88, 11, 72, 20, 6, 61, 65, 51, 78, 95, 5, 23, 90, 42, 79, 68, 27, 92, 64, 36, 16, 8, 1, 62, 24, 60, 49, 58, 30, 76, 38, 73, 19, 98, 21, 89, 94, 7, 0, 40, 4, 52, 18, 25, 56, 99, 96, 31, 69, 33, 15, 39, 44, 82, 2, 77, 17, 53, 22, 81, 26, 45, 43, 66, 93, 80, 34, 71, 75, 54, 10, 46, 35, 47, 48, 37, 86, 74, 41, 67, 85, 55, 29, 97, 28, 50, 57, 59, 32, 70, 87, 83, ]

t(by_rj): 42 [us]
3035
File: ../test/100_Independent0611
N: 100
Sort rj: [68, 39, 31, 58, 60, 41, 14, 82, 1, 78, 9, 87, 92, 21, 22, 90, 46, 38, 2, 11, 12, 66, 95, 24, 43, 7, 76, 97, 94, 45, 23, 65, 8, 52, 85, 93, 73, 27, 69, 3, 32, 10, 80, 54, 15, 26, 70, 44, 91, 28, 61, 16, 34, 0, 51, 63, 33, 37, 83, 62, 81, 84, 20, 25, 53, 59, 88, 99, 75, 96, 40, 4, 29, 17, 74, 79, 5, 36, 49, 77, 13, 50, 56, 72, 42, 57, 6, 64, 55, 98, 48, 89, 71, 47, 19, 18, 67, 86, 35, 30, ]

t(by_rj): 71 [us]
3401
File: ../test/100_Independent0612
N: 100
Sort rj: [83, 2, 35, 78, 22, 87, 53, 39, 96, 80, 28, 26, 72, 29, 77, 93, 19, 45, 0, 50, 5, 36, 6, 17, 20, 48, 55, 57, 33, 65, 68, 42, 8, 43, 81, 27, 34, 85, 15, 99, 67, 32, 3, 64, 66, 60, 86, 95, 11, 88, 47, 94, 18, 76, 4, 97, 46, 24, 74, 40, 71, 73, 12, 92, 25, 75, 44, 91, 63, 84, 62, 21, 13, 14, 52, 70, 31, 7, 41, 61, 89, 16, 79, 30, 82, 37, 98, 10, 59, 90, 69, 54, 38, 58, 49, 9, 56, 1, 23, 51, ]

t(by_rj): 48 [us]
3527
File: ../test/100_Independent0613
N: 100
Sort rj: [81, 50, 51, 52, 98, 11, 4, 65, 66, 10, 1, 28, 34, 22, 38, 54, 87, 94, 7, 43, 30, 9, 33, 63, 84, 90, 99, 83, 25, 16, 40, 70, 74, 19, 67, 92, 41, 58, 55, 45, 39, 2, 31, 23, 73, 49, 93, 96, 97, 42, 44, 71, 6, 36, 20, 47, 14, 17, 24, 26, 64, 85, 72, 21, 69, 68, 79, 59, 89, 0, 53, 57, 88, 95, 48, 61, 80, 13, 86, 82, 35, 56, 29, 76, 5, 12, 46, 37, 8, 15, 32, 60, 27, 91, 78, 3, 62, 18, 75, 77, ]

t(by_rj): 45 [us]
2936
File: ../test/100_Independent0614
N: 100
Sort rj: [19, 49, 66, 48, 7, 82, 97, 0, 43, 65, 59, 85, 52, 86, 30, 73, 56, 46, 63, 39, 60, 96, 68, 72, 98, 18, 94, 5, 55, 67, 45, 93, 21, 23, 32, 75, 41, 58, 80, 22, 1, 81, 95, 71, 36, 24, 9, 78, 3, 99, 91, 12, 38, 74, 17, 40, 92, 37, 77, 57, 87, 53, 25, 14, 2, 8, 28, 4, 89, 20, 62, 50, 26, 79, 29, 11, 47, 6, 10, 69, 90, 51, 61, 16, 64, 88, 27, 42, 84, 83, 34, 33, 76, 44, 35, 54, 70, 31, 15, 13, ]

t(by_rj): 49 [us]
3368
File: ../test/100_Independent0615
N: 100
Sort rj: [85, 78, 38, 30, 10, 21, 97, 47, 14, 52, 57, 43, 27, 29, 35, 64, 84, 12, 40, 56, 49, 42, 98, 70, 86, 46, 22, 58, 33, 61, 25, 96, 4, 88, 28, 79, 26, 23, 32, 69, 83, 24, 75, 77, 68, 45, 90, 82, 41, 73, 15, 3, 44, 53, 31, 55, 1, 92, 76, 99, 34, 93, 8, 94, 16, 51, 9, 95, 71, 19, 62, 60, 13, 20, 59, 65, 72, 89, 11, 87, 6, 91, 39, 5, 0, 50, 36, 2, 17, 63, 48, 7, 54, 81, 67, 80, 74, 37, 18, 66, ]

t(by_rj): 43 [us]
2896
File: ../test/100_Independent0616
N: 100
Sort rj: [79, 62, 6, 35, 43, 80, 84, 47, 65, 11, 34, 0, 64, 45, 36, 41, 33, 75, 26, 40, 98, 59, 96, 86, 23, 37, 14, 19, 27, 71, 66, 15, 31, 9, 25, 82, 48, 58, 20, 70, 83, 60, 89, 13, 8, 61, 77, 68, 88, 30, 42, 94, 90, 74, 28, 67, 3, 63, 44, 85, 92, 29, 38, 57, 21, 56, 53, 10, 69, 52, 72, 22, 17, 76, 73, 95, 2, 54, 46, 51, 1, 81, 24, 50, 87, 18, 49, 39, 12, 97, 7, 55, 4, 32, 16, 78, 5, 99, 91, 93, ]

t(by_rj): 42 [us]
3364
File: ../test/100_Independent0617
N: 100
Sort rj: [88, 99, 39, 44, 13, 38, 78, 1, 77, 94, 27, 8, 41, 2, 61, 69, 43, 73, 46, 34, 14, 37, 68, 90, 95, 9, 50, 24, 74, 58, 55, 80, 30, 59, 25, 84, 45, 48, 65, 4, 28, 79, 75, 83, 22, 33, 86, 85, 53, 15, 19, 36, 89, 51, 57, 16, 32, 97, 26, 12, 23, 71, 82, 64, 66, 6, 10, 67, 52, 11, 96, 60, 62, 54, 40, 47, 70, 92, 18, 35, 7, 49, 56, 63, 29, 98, 76, 3, 20, 42, 21, 0, 31, 5, 93, 87, 72, 81, 91, 17, ]

t(by_rj): 47 [us]
3385
File: ../test/100_Independent0618
N: 100
Sort rj: [52, 78, 93, 90, 36, 1, 51, 21, 39, 92, 58, 67, 34, 94, 20, 83, 8, 5, 46, 59, 10, 2, 23, 57, 37, 43, 56, 22, 6, 84, 80, 28, 95, 98, 73, 74, 25, 26, 32, 77, 91, 12, 53, 14, 31, 48, 24, 89, 69, 87, 61, 3, 60, 11, 99, 71, 85, 82, 4, 38, 49, 96, 76, 9, 79, 18, 81, 42, 72, 55, 41, 30, 68, 7, 44, 97, 86, 13, 35, 62, 63, 29, 75, 15, 45, 47, 17, 54, 70, 19, 40, 0, 88, 33, 65, 64, 50, 66, 27, 16, ]

t(by_rj): 42 [us]
2405
File: ../test/100_Independent0619
N: 100
Sort rj: [15, 54, 61, 78, 27, 20, 11, 86, 71, 24, 17, 28, 50, 34, 82, 36, 79, 55, 97, 99, 1, 76, 92, 81, 49, 0, 10, 66, 83, 22, 68, 42, 37, 5, 21, 87, 59, 77, 73, 53, 94, 52, 72, 60, 64, 69, 40, 43, 4, 89, 6, 33, 16, 46, 31, 56, 91, 88, 12, 23, 2, 44, 57, 98, 63, 65, 30, 84, 29, 41, 67, 38, 18, 14, 80, 70, 9, 96, 45, 8, 75, 39, 26, 47, 32, 13, 62, 90, 74, 51, 48, 25, 93, 3, 19, 7, 95, 35, 85, 58, ]

t(by_rj): 49 [us]
2394
File: ../test/100_Independent0620
N: 100
Sort rj: [44, 79, 33, 8, 56, 90, 1, 21, 24, 50, 62, 17, 77, 76, 11, 72, 25, 36, 39, 3, 96, 6, 23, 57, 98, 10, 68, 74, 27, 30, 67, 14, 87, 40, 2, 53, 47, 75, 9, 43, 18, 26, 7, 84, 15, 80, 89, 78, 69, 37, 42, 35, 51, 12, 65, 93, 73, 61, 58, 45, 41, 38, 28, 64, 22, 94, 63, 81, 0, 46, 59, 5, 29, 52, 83, 49, 85, 13, 32, 97, 60, 92, 48, 91, 95, 34, 19, 71, 16, 20, 99, 88, 82, 55, 4, 31, 70, 54, 66, 86, ]

t(by_rj): 43 [us]
3099
File: ../test/100_Independent0621
N: 100
Sort rj: [41, 23, 39, 66, 46, 29, 33, 20, 74, 31, 71, 21, 2, 52, 51, 38, 26, 96, 67, 6, 92, 16, 97, 82, 93, 84, 90, 30, 35, 70, 12, 99, 73, 32, 47, 40, 36, 65, 59, 10, 15, 19, 58, 61, 68, 13, 54, 0, 56, 78, 55, 49, 1, 72, 17, 85, 24, 87, 53, 60, 86, 4, 77, 8, 81, 34, 75, 14, 95, 80, 5, 43, 69, 50, 22, 18, 98, 62, 27, 91, 48, 28, 3, 9, 88, 63, 7, 76, 11, 45, 79, 57, 42, 89, 83, 37, 44, 25, 94, 64, ]

t(by_rj): 43 [us]
3121
File: ../test/100_Independent0622
N: 100
Sort rj: [95, 75, 37, 57, 62, 74, 3, 51, 49, 12, 73, 34, 70, 0, 13, 91, 76, 10, 54, 42, 9, 90, 65, 61, 7, 38, 22, 66, 24, 8, 35, 68, 21, 56, 45, 20, 43, 1, 15, 17, 46, 32, 96, 98, 63, 55, 71, 4, 80, 52, 85, 89, 69, 99, 48, 82, 36, 47, 25, 40, 87, 27, 78, 58, 64, 11, 81, 92, 5, 53, 30, 16, 67, 31, 77, 60, 29, 44, 84, 14, 72, 39, 19, 79, 50, 94, 6, 28, 2, 26, 97, 41, 93, 33, 59, 18, 83, 88, 23, 86, ]

t(by_rj): 43 [us]
3659
File: ../test/100_Independent0623
N: 100
Sort rj: [74, 24, 79, 99, 41, 42, 44, 11, 60, 90, 46, 33, 97, 49, 32, 28, 36, 18, 70, 54, 51, 83, 40, 81, 50, 43, 45, 48, 75, 69, 86, 15, 7, 73, 57, 94, 29, 96, 37, 13, 2, 89, 61, 20, 95, 39, 34, 62, 82, 59, 26, 84, 3, 67, 71, 12, 0, 53, 10, 38, 5, 52, 47, 14, 8, 87, 17, 98, 88, 85, 9, 77, 25, 21, 72, 16, 30, 35, 31, 64, 22, 78, 19, 80, 68, 27, 91, 58, 55, 23, 63, 1, 6, 56, 92, 65, 76, 93, 66, 4, ]

t(by_rj): 50 [us]
3663
File: ../test/100_Independent0624
N: 100
Sort rj: [15, 96, 76, 48, 40, 35, 49, 46, 7, 89, 47, 81, 59, 86, 64, 30, 9, 42, 99, 78, 6, 28, 80, 0, 37, 34, 22, 33, 77, 72, 91, 84, 85, 70, 97, 53, 26, 43, 82, 13, 27, 93, 41, 58, 94, 92, 90, 52, 8, 69, 10, 88, 75, 38, 74, 79, 32, 36, 68, 29, 87, 17, 1, 2, 61, 95, 71, 21, 56, 3, 57, 20, 16, 45, 14, 19, 65, 51, 11, 50, 39, 60, 25, 63, 67, 31, 73, 98, 83, 12, 62, 23, 24, 5, 54, 18, 4, 55, 44, 66, ]

t(by_rj): 45 [us]
3182
File: ../test/100_Independent0625
N: 100
Sort rj: [72, 55, 88, 13, 4, 26, 19, 14, 10, 47, 78, 85, 95, 41, 96, 81, 38, 64, 61, 98, 7, 84, 12, 54, 37, 29, 3, 58, 57, 5, 2, 17, 68, 62, 23, 45, 34, 49, 66, 60, 9, 1, 30, 51, 46, 77, 25, 24, 82, 63, 86, 87, 0, 33, 44, 70, 97, 79, 39, 16, 69, 35, 48, 80, 27, 52, 31, 90, 99, 56, 76, 89, 50, 15, 6, 92, 21, 73, 11, 91, 8, 43, 22, 75, 83, 36, 28, 94, 32, 74, 18, 53, 20, 59, 67, 71, 93, 42, 40, 65, ]

t(by_rj): 42 [us]
2630
File: ../test/100_Independent0626
N: 100
Sort rj: [48, 3, 81, 64, 66, 59, 63, 99, 70, 44, 17, 34, 92, 94, 49, 52, 76, 84, 54, 68, 24, 16, 90, 55, 40, 75, 65, 26, 47, 56, 31, 18, 12, 36, 95, 78, 5, 4, 74, 27, 21, 77, 43, 67, 33, 50, 8, 22, 72, 15, 32, 23, 0, 98, 45, 93, 97, 73, 2, 11, 87, 30, 83, 38, 86, 62, 61, 41, 1, 42, 39, 80, 13, 60, 37, 14, 89, 7, 82, 79, 58, 46, 85, 71, 9, 69, 28, 35, 88, 10, 6, 91, 29, 53, 57, 51, 25, 96, 20, 19, ]

t(by_rj): 77 [us]
3304
File: ../test/100_Independent0627
N: 100
Sort rj: [68, 19, 94, 85, 4, 61, 98, 90, 97, 58, 38, 88, 74, 22, 0, 91, 11, 65, 76, 51, 96, 87, 95, 29, 16, 72, 26, 67, 21, 34, 92, 59, 37, 10, 25, 17, 39, 82, 60, 36, 8, 2, 28, 52, 70, 42, 46, 71, 83, 80, 31, 69, 63, 89, 24, 41, 54, 73, 7, 6, 12, 27, 33, 84, 55, 53, 32, 64, 43, 1, 45, 13, 44, 14, 9, 78, 23, 62, 79, 66, 50, 30, 5, 57, 49, 18, 75, 86, 20, 48, 40, 35, 77, 81, 99, 15, 56, 93, 47, 3, ]

t(by_rj): 51 [us]
3119
File: ../test/100_Independent0628
N: 100
Sort rj: [57, 56, 12, 83, 60, 43, 68, 93, 74, 92, 10, 44, 3, 95, 38, 13, 16, 81, 37, 18, 63, 25, 97, 40, 21, 6, 85, 9, 5, 90, 34, 64, 89, 30, 7, 51, 71, 39, 42, 82, 35, 62, 52, 73, 50, 96, 91, 78, 72, 29, 20, 58, 86, 8, 59, 28, 0, 31, 70, 46, 48, 76, 98, 17, 79, 87, 32, 80, 99, 24, 88, 65, 36, 2, 67, 11, 61, 4, 47, 49, 26, 55, 22, 69, 19, 41, 66, 54, 75, 14, 1, 23, 53, 33, 94, 45, 77, 15, 27, 84, ]

t(by_rj): 43 [us]
2875
File: ../test/100_Independent0629
N: 100
Sort rj: [17, 95, 12, 51, 23, 77, 50, 21, 63, 54, 85, 84, 10, 58, 49, 97, 44, 87, 2, 55, 72, 3, 89, 16, 81, 41, 91, 28, 82, 80, 31, 20, 6, 96, 34, 24, 61, 59, 67, 68, 4, 1, 40, 94, 88, 8, 73, 26, 33, 7, 90, 98, 74, 25, 27, 29, 92, 86, 0, 22, 39, 69, 15, 66, 5, 35, 53, 19, 13, 48, 78, 93, 70, 79, 38, 76, 65, 43, 42, 83, 30, 64, 75, 18, 47, 9, 32, 45, 99, 52, 14, 57, 60, 46, 36, 62, 11, 37, 71, 56, ]

t(by_rj): 43 [us]
3060
File: ../test/100_Independent0650
N: 100
Sort rj: [91, 18, 6, 19, 48, 80, 74, 16, 10, 39, 46, 20, 43, 32, 40, 79, 55, 38, 45, 49, 53, 30, 22, 81, 65, 35, 41, 89, 12, 71, 69, 27, 50, 72, 54, 61, 64, 94, 8, 63, 58, 28, 60, 4, 51, 92, 93, 47, 2, 0, 3, 5, 42, 73, 87, 86, 68, 15, 90, 78, 17, 99, 37, 95, 21, 83, 76, 67, 24, 88, 56, 1, 34, 70, 52, 66, 23, 97, 26, 31, 57, 33, 84, 25, 96, 14, 36, 13, 9, 7, 98, 11, 62, 82, 44, 77, 75, 85, 59, 29, ]

t(by_rj): 41 [us]
2308
File: ../test/100_Independent0651
N: 100
Sort rj: [84, 26, 43, 82, 61, 53, 16, 42, 95, 8, 50, 38, 91, 63, 89, 83, 30, 60, 33, 59, 36, 44, 77, 11, 78, 3, 2, 85, 62, 56, 5, 19, 6, 12, 90, 69, 14, 1, 86, 68, 25, 0, 67, 45, 87, 17, 57, 94, 7, 80, 54, 76, 34, 88, 96, 9, 58, 64, 15, 29, 21, 75, 66, 71, 22, 48, 46, 28, 74, 52, 97, 31, 35, 32, 73, 37, 41, 79, 13, 81, 18, 49, 51, 70, 27, 55, 24, 98, 39, 20, 23, 40, 99, 92, 10, 65, 93, 72, 4, 47, ]

t(by_rj): 43 [us]
1903
File: ../test/100_Independent0652
N: 100
Sort rj: [53, 49, 3, 93, 29, 68, 51, 39, 59, 90, 38, 46, 73, 7, 24, 54, 70, 22, 8, 89, 25, 26, 34, 61, 35, 72, 11, 37, 55, 60, 1, 74, 14, 86, 12, 98, 62, 47, 23, 78, 36, 65, 42, 63, 81, 44, 18, 64, 9, 83, 96, 88, 97, 71, 57, 75, 19, 33, 15, 48, 6, 58, 43, 31, 66, 87, 94, 85, 2, 76, 17, 16, 91, 5, 20, 45, 41, 40, 0, 80, 95, 79, 67, 84, 13, 52, 32, 27, 10, 30, 77, 99, 4, 21, 28, 56, 69, 82, 50, 92, ]

t(by_rj): 43 [us]
2190
File: ../test/100_Independent0653
N: 100
Sort rj: [74, 49, 15, 17, 51, 45, 64, 81, 34, 82, 4, 33, 75, 66, 71, 53, 12, 52, 27, 46, 85, 87, 90, 14, 29, 99, 11, 56, 95, 26, 24, 7, 88, 91, 61, 19, 58, 72, 94, 3, 96, 92, 41, 50, 21, 77, 38, 0, 59, 93, 42, 83, 16, 57, 44, 20, 76, 32, 6, 47, 5, 9, 8, 65, 86, 70, 63, 84, 30, 2, 28, 35, 54, 43, 36, 31, 98, 23, 25, 73, 60, 37, 22, 78, 13, 80, 1, 97, 39, 62, 68, 40, 18, 79, 10, 69, 48, 55, 67, 89, ]

t(by_rj): 44 [us]
1926
File: ../test/100_Independent0654
N: 100
Sort rj: [99, 90, 78, 51, 52, 96, 36, 93, 97, 25, 74, 20, 76, 41, 89, 48, 60, 8, 17, 0, 24, 80, 10, 75, 86, 69, 43, 79, 22, 32, 53, 7, 94, 54, 3, 66, 9, 18, 67, 4, 95, 83, 16, 35, 55, 49, 21, 64, 46, 58, 81, 57, 12, 42, 77, 61, 68, 31, 5, 98, 56, 73, 28, 47, 87, 33, 85, 50, 34, 91, 11, 38, 72, 19, 39, 62, 26, 1, 2, 45, 71, 84, 63, 27, 30, 6, 59, 23, 15, 37, 88, 44, 70, 40, 82, 92, 65, 14, 29, 13, ]

t(by_rj): 45 [us]
1822
File: ../test/100_Independent0655
N: 100
Sort rj: [60, 24, 92, 54, 59, 23, 90, 21, 46, 9, 66, 12, 91, 2, 93, 34, 50, 88, 30, 98, 85, 15, 39, 8, 53, 6, 7, 51, 84, 82, 29, 76, 4, 61, 83, 43, 1, 87, 11, 80, 79, 75, 57, 77, 22, 47, 13, 45, 70, 65, 38, 48, 19, 89, 37, 71, 16, 78, 64, 0, 10, 52, 18, 20, 28, 74, 63, 3, 31, 33, 36, 40, 81, 94, 95, 25, 55, 14, 96, 99, 72, 62, 42, 68, 67, 26, 56, 35, 32, 69, 27, 97, 86, 44, 41, 17, 5, 58, 73, 49, ]

t(by_rj): 43 [us]
2205
File: ../test/100_Independent0656
N: 100
Sort rj: [3, 27, 69, 86, 88, 15, 65, 34, 76, 78, 47, 59, 71, 17, 66, 26, 10, 85, 60, 91, 84, 55, 25, 12, 61, 51, 9, 35, 33, 49, 96, 30, 72, 58, 68, 29, 31, 89, 82, 93, 44, 0, 21, 79, 73, 18, 16, 94, 38, 97, 5, 90, 32, 20, 92, 6, 52, 74, 62, 23, 75, 8, 83, 77, 46, 37, 95, 56, 50, 39, 43, 1, 54, 14, 41, 40, 99, 42, 80, 36, 22, 48, 67, 7, 4, 11, 2, 24, 19, 13, 87, 45, 64, 70, 28, 63, 57, 53, 81, 98, ]

t(by_rj): 46 [us]
2354
File: ../test/100_Independent0657
N: 100
Sort rj: [26, 88, 69, 47, 25, 91, 45, 86, 24, 19, 89, 82, 67, 48, 37, 79, 70, 64, 44, 56, 90, 32, 85, 9, 15, 6, 30, 60, 75, 2, 10, 27, 97, 8, 55, 65, 68, 80, 12, 13, 21, 72, 39, 28, 95, 99, 49, 73, 18, 43, 98, 62, 76, 23, 41, 93, 22, 50, 33, 7, 16, 11, 1, 58, 29, 96, 0, 66, 54, 57, 42, 17, 3, 83, 34, 4, 53, 46, 87, 61, 92, 40, 36, 74, 14, 94, 52, 35, 77, 84, 20, 38, 31, 5, 71, 81, 63, 59, 78, 51, ]

t(by_rj): 41 [us]
2054
File: ../test/100_Independent0658
N: 100
Sort rj: [89, 7, 12, 29, 36, 78, 61, 3, 75, 64, 82, 69, 39, 6, 15, 17, 0, 34, 16, 40, 44, 1, 99, 58, 5, 74, 35, 42, 59, 49, 38, 83, 86, 23, 22, 93, 66, 72, 19, 8, 37, 57, 65, 92, 54, 28, 94, 46, 45, 76, 96, 11, 87, 71, 79, 52, 14, 33, 26, 53, 80, 90, 55, 70, 88, 84, 21, 97, 10, 30, 95, 73, 9, 81, 24, 60, 18, 41, 13, 4, 56, 67, 31, 98, 27, 62, 2, 77, 50, 47, 68, 25, 43, 20, 32, 48, 63, 91, 51, 85, ]

t(by_rj): 44 [us]
2094
File: ../test/100_Independent0659
N: 100
Sort rj: [59, 15, 9, 38, 72, 51, 42, 84, 6, 57, 32, 36, 82, 33, 34, 81, 30, 29, 64, 53, 78, 2, 1, 76, 41, 25, 85, 93, 79, 99, 97, 89, 63, 7, 0, 17, 62, 71, 56, 66, 50, 52, 13, 95, 88, 11, 54, 96, 3, 28, 91, 60, 47, 18, 22, 70, 98, 75, 16, 80, 8, 90, 67, 77, 31, 58, 14, 74, 40, 26, 48, 83, 44, 12, 61, 27, 73, 86, 39, 68, 55, 45, 49, 37, 4, 69, 46, 65, 23, 92, 87, 19, 21, 35, 20, 10, 43, 94, 24, 5, ]

t(by_rj): 41 [us]
2376
File: ../test/100_Independent0660
N: 100
Sort rj: [19, 85, 6, 61, 59, 65, 23, 72, 99, 51, 44, 28, 86, 16, 98, 77, 13, 89, 49, 97, 63, 1, 96, 70, 21, 90, 78, 46, 17, 36, 3, 79, 7, 11, 93, 30, 80, 55, 87, 76, 18, 81, 20, 15, 27, 10, 92, 12, 95, 26, 88, 74, 38, 64, 67, 60, 69, 25, 8, 45, 22, 68, 62, 31, 84, 33, 24, 2, 35, 83, 34, 66, 4, 40, 91, 82, 32, 50, 5, 14, 52, 0, 48, 58, 43, 54, 57, 47, 53, 71, 42, 41, 94, 56, 75, 39, 9, 29, 73, 37, ]

t(by_rj): 87 [us]
2548
File: ../test/100_Independent0661
N: 100
Sort rj: [25, 80, 92, 2, 56, 19, 32, 83, 84, 26, 99, 96, 27, 81, 76, 0, 1, 23, 7, 77, 6, 22, 67, 65, 79, 66, 73, 34, 12, 71, 39, 91, 63, 5, 38, 35, 72, 20, 58, 45, 87, 97, 46, 70, 11, 61, 30, 4, 69, 50, 18, 28, 53, 24, 17, 64, 21, 59, 85, 9, 95, 14, 48, 68, 41, 93, 31, 94, 89, 75, 57, 86, 37, 29, 43, 15, 44, 60, 49, 62, 88, 33, 54, 78, 42, 8, 51, 3, 90, 16, 98, 13, 82, 40, 47, 74, 10, 36, 52, 55, ]

t(by_rj): 43 [us]
2023
File: ../test/100_Independent0662
N: 100
Sort rj: [67, 94, 53, 60, 33, 22, 51, 99, 68, 78, 62, 90, 72, 45, 95, 28, 52, 37, 48, 50, 29, 23, 4, 7, 71, 16, 83, 34, 98, 87, 20, 89, 6, 57, 64, 9, 13, 32, 1, 47, 17, 24, 63, 42, 92, 43, 77, 74, 31, 69, 2, 0, 35, 3, 26, 54, 58, 8, 91, 86, 73, 81, 76, 30, 19, 21, 5, 25, 40, 11, 15, 79, 70, 97, 65, 39, 61, 55, 96, 38, 12, 66, 10, 59, 14, 49, 41, 75, 56, 80, 84, 36, 93, 44, 88, 46, 27, 18, 85, 82, ]

t(by_rj): 42 [us]
1997
File: ../test/100_Independent0663
N: 100
Sort rj: [80, 52, 8, 5, 65, 71, 38, 87, 76, 56, 19, 94, 50, 55, 92, 88, 78, 54, 77, 34, 63, 91, 96, 82, 32, 61, 72, 10, 46, 31, 83, 67, 48, 15, 53, 29, 35, 58, 16, 3, 84, 1, 37, 73, 49, 93, 59, 6, 89, 26, 30, 20, 64, 70, 7, 86, 23, 81, 75, 98, 28, 17, 74, 0, 11, 33, 66, 99, 41, 39, 57, 95, 51, 40, 62, 79, 69, 21, 60, 2, 68, 27, 45, 22, 12, 13, 44, 42, 14, 47, 18, 43, 25, 85, 90, 4, 97, 9, 24, 36, ]

t(by_rj): 77 [us]
2903
File: ../test/100_Independent0664
N: 100
Sort rj: [8, 6, 41, 21, 40, 77, 28, 79, 72, 46, 24, 14, 4, 64, 56, 97, 2, 50, 62, 92, 18, 20, 29, 74, 34, 60, 3, 95, 45, 43, 0, 5, 81, 85, 67, 90, 17, 22, 13, 94, 15, 25, 70, 36, 10, 58, 44, 49, 52, 12, 37, 87, 57, 47, 23, 30, 33, 7, 99, 54, 89, 69, 73, 42, 53, 65, 61, 91, 84, 71, 78, 98, 27, 19, 86, 83, 59, 16, 51, 35, 9, 82, 39, 32, 88, 55, 68, 75, 66, 96, 93, 38, 63, 11, 26, 76, 80, 31, 48, 1, ]

t(by_rj): 41 [us]
1424
File: ../test/100_Independent0665
N: 100
Sort rj: [57, 11, 15, 18, 77, 23, 29, 66, 24, 43, 62, 68, 0, 74, 99, 89, 10, 7, 9, 75, 73, 26, 63, 92, 4, 94, 3, 47, 1, 85, 76, 12, 96, 72, 33, 49, 44, 88, 50, 60, 86, 42, 53, 67, 21, 13, 56, 8, 14, 82, 90, 19, 48, 34, 54, 84, 46, 59, 38, 52, 51, 71, 39, 58, 87, 30, 95, 27, 40, 79, 80, 5, 83, 35, 37, 41, 6, 91, 64, 32, 16, 22, 36, 69, 31, 55, 25, 45, 97, 93, 81, 28, 17, 65, 20, 61, 2, 78, 98, 70, ]

t(by_rj): 43 [us]
2447
File: ../test/100_Independent0666
N: 100
Sort rj: [23, 8, 18, 92, 41, 24, 86, 0, 28, 88, 59, 52, 16, 5, 37, 21, 71, 95, 97, 98, 65, 85, 39, 99, 72, 82, 2, 36, 84, 13, 87, 66, 79, 45, 57, 33, 76, 56, 19, 90, 96, 47, 93, 3, 11, 22, 80, 9, 75, 1, 31, 70, 46, 51, 91, 6, 38, 77, 20, 81, 64, 63, 40, 53, 42, 62, 32, 73, 35, 10, 26, 58, 89, 12, 67, 25, 15, 43, 7, 83, 27, 29, 94, 44, 74, 50, 69, 49, 78, 61, 34, 17, 55, 60, 68, 14, 30, 54, 4, 48, ]

t(by_rj): 46 [us]
2379
File: ../test/100_Independent0667
N: 100
Sort rj: [83, 0, 5, 51, 70, 59, 75, 47, 97, 11, 25, 21, 53, 61, 80, 33, 22, 19, 52, 85, 10, 72, 49, 16, 64, 4, 93, 24, 43, 26, 84, 31, 62, 55, 67, 36, 23, 41, 56, 65, 54, 73, 96, 37, 8, 82, 92, 39, 32, 6, 76, 18, 34, 46, 42, 69, 58, 27, 35, 87, 77, 78, 89, 15, 3, 71, 13, 63, 57, 74, 91, 90, 60, 17, 66, 98, 88, 38, 44, 86, 95, 48, 45, 14, 1, 12, 81, 29, 94, 20, 79, 99, 7, 40, 30, 9, 68, 2, 28, 50, ]

t(by_rj): 44 [us]
2187
File: ../test/100_Independent0668
N: 100
Sort rj: [32, 69, 54, 24, 57, 49, 88, 74, 92, 91, 29, 36, 78, 2, 43, 25, 6, 97, 99, 15, 89, 45, 65, 8, 73, 79, 9, 30, 61, 38, 52, 56, 60, 71, 51, 47, 10, 23, 44, 62, 82, 35, 42, 80, 50, 22, 7, 96, 83, 13, 48, 81, 18, 14, 98, 66, 17, 94, 64, 75, 76, 93, 28, 37, 68, 72, 90, 84, 46, 33, 4, 77, 5, 26, 34, 85, 27, 40, 3, 31, 67, 12, 39, 11, 16, 86, 53, 0, 70, 58, 59, 1, 95, 20, 21, 63, 87, 19, 55, 41, ]

t(by_rj): 76 [us]
2173
File: ../test/100_Independent0669
N: 100
Sort rj: [78, 34, 3, 46, 50, 31, 29, 66, 71, 89, 14, 95, 62, 43, 47, 99, 26, 49, 4, 63, 74, 96, 40, 44, 5, 68, 90, 28, 35, 6, 53, 17, 1, 22, 82, 10, 57, 39, 75, 55, 67, 13, 69, 85, 61, 42, 84, 51, 25, 73, 9, 20, 32, 33, 56, 77, 58, 80, 7, 88, 59, 18, 93, 19, 60, 24, 97, 70, 76, 48, 79, 37, 87, 27, 83, 15, 2, 86, 54, 81, 91, 92, 41, 94, 21, 30, 16, 72, 98, 0, 12, 38, 23, 11, 36, 8, 52, 65, 45, 64, ]

t(by_rj): 49 [us]
2246
File: ../test/100_Independent0670
N: 100
Sort rj: [52, 5, 68, 34, 11, 38, 79, 26, 18, 65, 22, 85, 49, 51, 70, 8, 48, 45, 35, 84, 31, 89, 40, 94, 4, 72, 76, 41, 25, 46, 12, 21, 83, 92, 9, 2, 81, 74, 44, 15, 23, 14, 33, 78, 24, 29, 77, 7, 13, 19, 58, 3, 59, 57, 37, 66, 27, 95, 90, 96, 6, 99, 62, 42, 10, 93, 1, 67, 47, 91, 50, 16, 63, 71, 86, 56, 69, 82, 61, 17, 36, 88, 28, 73, 75, 53, 60, 0, 43, 32, 39, 97, 20, 54, 30, 98, 80, 87, 55, 64, ]

t(by_rj): 43 [us]
2070
File: ../test/100_Independent0671
N: 100
Sort rj: [87, 74, 58, 57, 49, 33, 80, 8, 96, 18, 11, 98, 89, 34, 38, 53, 90, 46, 97, 84, 79, 16, 27, 75, 48, 56, 22, 20, 5, 72, 91, 30, 65, 55, 35, 25, 66, 37, 77, 83, 10, 71, 13, 78, 45, 21, 93, 76, 36, 2, 23, 43, 29, 54, 44, 31, 69, 67, 41, 82, 64, 3, 28, 51, 0, 59, 19, 26, 9, 17, 7, 4, 39, 86, 40, 52, 88, 15, 14, 85, 92, 24, 6, 68, 73, 47, 95, 50, 1, 61, 63, 99, 81, 12, 94, 60, 42, 32, 70, 62, ]

t(by_rj): 41 [us]
1261
File: ../test/100_Independent0672
N: 100
Sort rj: [38, 56, 12, 48, 53, 94, 9, 66, 32, 62, 19, 18, 84, 11, 89, 42, 71, 73, 75, 65, 41, 15, 58, 30, 39, 22, 35, 77, 92, 93, 85, 23, 37, 34, 76, 1, 80, 96, 86, 79, 10, 46, 70, 16, 68, 63, 4, 69, 74, 33, 72, 17, 20, 21, 13, 45, 64, 55, 95, 8, 88, 52, 28, 83, 57, 27, 82, 36, 91, 3, 6, 59, 44, 29, 43, 47, 98, 60, 81, 67, 54, 90, 31, 24, 99, 14, 7, 5, 78, 0, 51, 49, 25, 97, 87, 26, 40, 61, 50, 2, ]

t(by_rj): 43 [us]
2114
File: ../test/100_Independent0673
N: 100
Sort rj: [4, 7, 54, 9, 84, 31, 71, 52, 5, 0, 24, 61, 23, 63, 8, 20, 6, 40, 45, 79, 21, 32, 10, 76, 96, 25, 87, 37, 99, 16, 1, 73, 19, 26, 89, 35, 93, 3, 13, 97, 67, 91, 11, 33, 81, 57, 44, 30, 39, 78, 64, 58, 92, 53, 14, 18, 51, 82, 22, 85, 80, 72, 34, 42, 98, 70, 60, 47, 59, 77, 90, 56, 12, 2, 29, 68, 43, 49, 50, 55, 88, 65, 86, 83, 28, 41, 66, 95, 46, 94, 75, 15, 36, 62, 38, 69, 74, 27, 17, 48, ]

t(by_rj): 43 [us]
1863
File: ../test/100_Independent0674
N: 100
Sort rj: [42, 37, 86, 26, 49, 2, 87, 36, 61, 50, 84, 81, 55, 65, 30, 71, 29, 9, 59, 6, 20, 1, 7, 80, 76, 64, 39, 24, 32, 15, 46, 40, 31, 23, 53, 27, 51, 73, 67, 4, 3, 19, 11, 83, 82, 66, 69, 85, 52, 79, 88, 78, 43, 45, 41, 74, 13, 8, 12, 95, 89, 94, 77, 14, 54, 58, 62, 21, 98, 17, 56, 90, 47, 72, 16, 18, 96, 38, 99, 35, 48, 33, 60, 28, 5, 57, 92, 44, 34, 70, 75, 68, 0, 63, 10, 93, 91, 22, 97, 25, ]

t(by_rj): 42 [us]
1372
File: ../test/100_Independent0675
N: 100
Sort rj: [51, 99, 71, 56, 88, 85, 80, 67, 34, 28, 54, 97, 58, 76, 78, 89, 22, 59, 70, 12, 45, 33, 57, 83, 69, 66, 20, 73, 0, 64, 7, 1, 19, 87, 61, 2, 68, 14, 55, 53, 23, 74, 90, 96, 93, 63, 31, 24, 29, 41, 82, 27, 3, 32, 37, 65, 95, 60, 40, 75, 8, 36, 15, 43, 92, 46, 62, 30, 38, 16, 26, 47, 52, 77, 44, 18, 84, 81, 25, 17, 98, 6, 42, 50, 10, 72, 35, 9, 13, 49, 21, 86, 91, 5, 11, 94, 48, 79, 39, 4, ]

t(by_rj): 64 [us]
2130
File: ../test/100_Independent0676
N: 100
Sort rj: [75, 92, 81, 69, 86, 67, 96, 38, 14, 21, 55, 2, 87, 94, 35, 88, 91, 84, 60, 9, 32, 22, 56, 19, 50, 99, 45, 70, 44, 83, 12, 43, 8, 76, 77, 27, 42, 25, 23, 74, 53, 17, 3, 64, 24, 68, 73, 29, 46, 58, 80, 13, 62, 78, 7, 57, 48, 26, 82, 4, 63, 49, 36, 51, 59, 5, 65, 11, 72, 37, 34, 10, 97, 98, 15, 71, 47, 66, 54, 93, 18, 61, 28, 85, 52, 16, 1, 33, 40, 79, 20, 90, 39, 41, 0, 30, 6, 31, 95, 89, ]

t(by_rj): 57 [us]
2059
File: ../test/100_Independent0677
N: 100
Sort rj: [24, 17, 99, 85, 9, 31, 68, 43, 38, 30, 12, 67, 45, 50, 55, 18, 88, 19, 73, 80, 6, 2, 79, 70, 49, 82, 89, 72, 58, 34, 32, 92, 5, 71, 76, 11, 95, 16, 1, 13, 56, 25, 61, 98, 74, 90, 40, 23, 77, 75, 96, 0, 20, 91, 41, 26, 52, 14, 65, 36, 21, 48, 94, 51, 42, 97, 35, 63, 60, 86, 66, 29, 83, 10, 87, 7, 47, 39, 64, 81, 54, 69, 84, 62, 57, 78, 15, 4, 93, 27, 3, 46, 33, 22, 28, 44, 8, 59, 53, 37, ]

t(by_rj): 44 [us]
1517
File: ../test/100_Independent0678
N: 100
Sort rj: [77, 23, 32, 76, 74, 37, 45, 47, 36, 7, 3, 70, 14, 19, 98, 44, 17, 60, 54, 30, 48, 25, 59, 85, 75, 81, 73, 57, 95, 49, 67, 13, 94, 35, 79, 34, 27, 39, 53, 50, 29, 11, 21, 71, 65, 6, 69, 92, 12, 80, 64, 97, 89, 93, 51, 78, 90, 83, 16, 42, 99, 56, 2, 63, 82, 66, 10, 33, 40, 46, 86, 91, 24, 28, 58, 38, 43, 22, 0, 55, 5, 84, 52, 41, 1, 87, 15, 31, 68, 72, 20, 88, 4, 96, 62, 18, 26, 61, 8, 9, ]

t(by_rj): 52 [us]
1818
File: ../test/100_Independent0679
N: 100
Sort rj: [43, 97, 78, 9, 96, 11, 13, 1, 72, 28, 27, 46, 76, 30, 23, 17, 0, 34, 83, 67, 92, 79, 75, 16, 94, 47, 31, 85, 84, 62, 21, 71, 54, 37, 89, 86, 50, 40, 26, 44, 56, 66, 22, 24, 35, 69, 15, 25, 65, 18, 36, 12, 99, 95, 80, 98, 57, 45, 41, 87, 91, 42, 93, 68, 20, 6, 10, 29, 52, 48, 7, 90, 82, 88, 70, 39, 14, 73, 8, 51, 63, 59, 49, 38, 81, 32, 60, 3, 64, 53, 2, 55, 19, 58, 77, 5, 61, 33, 4, 74, ]

t(by_rj): 44 [us]
1864
File: ../test/100_Independent0690
N: 100
Sort rj: [47, 75, 63, 91, 99, 34, 54, 6, 33, 17, 37, 40, 92, 46, 8, 14, 29, 11, 21, 18, 79, 84, 32, 9, 44, 36, 55, 53, 93, 30, 68, 10, 85, 61, 20, 69, 22, 19, 83, 56, 82, 15, 12, 31, 88, 96, 51, 80, 72, 13, 86, 26, 49, 7, 90, 52, 42, 48, 87, 70, 16, 89, 3, 2, 50, 39, 74, 66, 25, 43, 1, 0, 77, 58, 41, 67, 62, 35, 38, 4, 71, 73, 94, 5, 81, 95, 45, 28, 60, 27, 23, 98, 24, 64, 57, 59, 78, 97, 76, 65, ]

t(by_rj): 43 [us]
1226
File: ../test/100_Independent0691
N: 100
Sort rj: [42, 52, 4, 84, 20, 61, 68, 50, 46, 81, 53, 7, 71, 29, 37, 0, 60, 73, 98, 57, 16, 19, 72, 55, 33, 9, 23, 21, 91, 49, 18, 32, 35, 14, 58, 92, 41, 96, 94, 1, 40, 51, 34, 6, 45, 12, 75, 70, 26, 39, 28, 44, 78, 76, 27, 80, 8, 65, 30, 25, 36, 97, 5, 38, 17, 59, 74, 87, 10, 54, 11, 83, 88, 93, 62, 82, 22, 64, 90, 89, 2, 48, 56, 13, 63, 79, 66, 69, 67, 3, 99, 15, 31, 95, 43, 77, 86, 85, 24, 47, ]

t(by_rj): 43 [us]
968
File: ../test/100_Independent0692
N: 100
Sort rj: [78, 60, 66, 74, 88, 85, 0, 19, 28, 25, 87, 35, 61, 15, 45, 2, 82, 63, 75, 23, 1, 37, 22, 7, 33, 64, 77, 93, 65, 29, 99, 32, 59, 13, 50, 62, 43, 5, 56, 83, 24, 31, 21, 69, 48, 20, 44, 40, 57, 3, 70, 36, 46, 72, 81, 6, 58, 98, 30, 53, 68, 11, 41, 80, 55, 27, 34, 16, 79, 47, 10, 4, 86, 73, 92, 91, 71, 52, 94, 84, 51, 17, 42, 97, 96, 26, 39, 38, 76, 9, 89, 90, 12, 14, 67, 8, 49, 54, 95, 18, ]

t(by_rj): 43 [us]
1126
File: ../test/100_Independent0693
N: 100
Sort rj: [31, 22, 41, 34, 47, 72, 85, 21, 37, 95, 13, 60, 15, 54, 11, 84, 70, 1, 87, 96, 16, 86, 55, 40, 68, 98, 67, 81, 49, 28, 32, 58, 0, 14, 46, 23, 90, 2, 42, 62, 74, 17, 5, 99, 38, 24, 80, 93, 10, 9, 56, 36, 64, 12, 30, 48, 83, 50, 19, 63, 43, 3, 8, 73, 7, 97, 82, 45, 39, 77, 29, 25, 44, 52, 92, 33, 78, 89, 20, 26, 35, 69, 65, 91, 51, 27, 4, 76, 79, 94, 57, 88, 71, 66, 59, 6, 53, 75, 18, 61, ]

t(by_rj): 44 [us]
935
File: ../test/100_Independent0694
N: 100
Sort rj: [0, 29, 45, 91, 92, 57, 94, 89, 35, 60, 44, 39, 1, 52, 17, 2, 81, 53, 54, 38, 10, 98, 42, 51, 83, 80, 9, 7, 61, 41, 13, 73, 97, 79, 65, 15, 56, 31, 46, 58, 25, 84, 18, 99, 36, 16, 12, 5, 32, 95, 34, 37, 68, 70, 55, 71, 93, 59, 85, 40, 20, 96, 82, 28, 76, 47, 90, 11, 78, 24, 77, 14, 86, 49, 74, 43, 67, 26, 87, 8, 72, 66, 69, 48, 88, 33, 62, 21, 30, 64, 4, 22, 3, 50, 23, 27, 75, 6, 19, 63, ]

t(by_rj): 44 [us]
1097
File: ../test/100_Independent0695
N: 100
Sort rj: [15, 40, 77, 57, 6, 44, 21, 53, 35, 25, 7, 43, 36, 66, 74, 55, 9, 85, 48, 76, 50, 4, 42, 56, 63, 24, 33, 84, 60, 16, 27, 81, 58, 97, 87, 78, 92, 14, 98, 20, 70, 83, 0, 11, 51, 96, 82, 41, 54, 13, 69, 19, 3, 93, 75, 17, 22, 1, 28, 68, 91, 67, 73, 49, 8, 61, 45, 30, 31, 65, 59, 47, 5, 99, 71, 46, 29, 32, 90, 39, 86, 37, 62, 64, 95, 94, 2, 18, 38, 52, 12, 80, 79, 72, 23, 34, 88, 10, 89, 26, ]

t(by_rj): 43 [us]
1240
File: ../test/100_Independent0696
N: 100
Sort rj: [92, 50, 27, 87, 34, 51, 35, 16, 8, 33, 12, 25, 70, 73, 3, 41, 42, 1, 78, 26, 77, 76, 32, 23, 14, 10, 49, 74, 21, 68, 81, 98, 88, 7, 95, 85, 97, 19, 94, 69, 11, 18, 15, 24, 31, 30, 62, 48, 56, 43, 45, 53, 91, 61, 40, 96, 38, 89, 54, 57, 71, 37, 2, 4, 6, 65, 66, 20, 75, 58, 93, 72, 86, 39, 80, 67, 82, 59, 84, 5, 47, 90, 22, 79, 28, 36, 9, 17, 44, 29, 99, 46, 55, 63, 52, 0, 13, 83, 64, 60, ]

t(by_rj): 43 [us]
873
File: ../test/100_Independent0697
N: 100
Sort rj: [90, 79, 88, 53, 72, 28, 94, 34, 81, 8, 27, 73, 36, 87, 9, 35, 96, 78, 48, 80, 84, 46, 54, 0, 65, 32, 63, 17, 26, 45, 70, 82, 12, 23, 1, 67, 51, 61, 47, 69, 91, 66, 21, 5, 98, 99, 15, 58, 64, 50, 59, 68, 74, 25, 30, 6, 89, 19, 4, 13, 20, 95, 38, 62, 39, 33, 93, 56, 75, 92, 2, 37, 77, 60, 57, 83, 10, 85, 49, 86, 76, 31, 24, 41, 22, 7, 3, 44, 52, 97, 11, 29, 18, 14, 40, 43, 71, 55, 42, 16, ]

t(by_rj): 49 [us]
988
File: ../test/100_Independent0698
N: 100
Sort rj: [41, 91, 69, 88, 2, 47, 61, 27, 25, 92, 24, 85, 99, 37, 20, 33, 63, 97, 93, 10, 0, 4, 23, 44, 36, 48, 7, 6, 59, 80, 55, 26, 46, 38, 42, 70, 74, 71, 8, 31, 79, 5, 21, 15, 84, 98, 29, 57, 40, 35, 96, 86, 45, 9, 60, 11, 66, 94, 53, 83, 67, 64, 43, 56, 39, 81, 12, 50, 19, 52, 16, 32, 77, 34, 65, 78, 17, 76, 82, 90, 49, 30, 14, 68, 54, 58, 51, 62, 95, 13, 28, 1, 18, 73, 89, 87, 72, 75, 3, 22, ]

t(by_rj): 44 [us]
910
File: ../test/100_Independent0699
N: 100
Sort rj: [45, 50, 67, 53, 8, 90, 87, 80, 91, 76, 44, 48, 57, 5, 20, 34, 64, 58, 43, 10, 35, 16, 26, 78, 38, 18, 85, 86, 93, 98, 41, 72, 56, 25, 92, 13, 95, 22, 94, 51, 32, 28, 36, 42, 74, 82, 6, 2, 52, 31, 46, 61, 99, 73, 71, 21, 96, 88, 7, 27, 77, 70, 75, 49, 1, 39, 59, 17, 14, 15, 3, 9, 23, 65, 54, 47, 66, 30, 29, 68, 83, 62, 97, 24, 79, 11, 81, 4, 19, 0, 84, 33, 89, 69, 63, 55, 60, 12, 37, 40, ]

t(by_rj): 43 [us]
920
File: ../test/test2.txt
N: 9
Sort rj: [0, 3, 1, 5, 7, 2, 8, 6, 4, ]

t(by_rj): 10 [us]
41
File: ../test/test.txt
N: 10
Sort rj: [0, 3, 1, 5, 2, 8, 6, 7, 4, 9, ]

t(by_rj): 7 [us]
62
